54.982	0
55.228	0
55.474	0
55.720	0
55.966	0
56.212	0
56.458	0
56.704	0
56.950	0
57.196	0
57.442	0
57.688	0
57.934	0
58.180	0
58.426	0
58.672	0
58.918	0
59.164	40
59.410	222
59.656	730
59.902	2105
60.148	7489
60.394	22776
60.640	46653
60.886	76064
61.132	119865
61.378	154014
61.624	128445
61.870	95502
62.116	65120
62.362	46406
62.608	36424
62.854	31102
63.100	29780
63.346	26693
63.592	21022
63.838	17511
64.084	13361
64.330	7003
64.576	3746
64.822	2046
65.068	1593
65.314	1051
65.560	1019
65.806	788
66.052	676
66.298	641
66.544	606
66.790	314
67.036	269
67.282	186
67.528	121
67.774	71
68.020	35
68.266	64
68.512	49
68.758	44
69.004	9
69.250	11
69.496	24
69.742	0
69.988	0
70.234	0
70.480	0
70.726	0
70.972	0
71.218	0
71.464	0
71.710	0
71.956	0
72.202	0
72.448	0
72.694	0
72.940	0
73.186	0
73.432	0
73.678	0
73.924	0
74.170	0
74.416	0
74.662	0
74.908	0
75.154	0
75.400	0
75.646	0
75.892	0
76.138	0
76.384	0
76.630	5
76.876	0
77.122	0
77.368	0
77.614	0
77.860	0
78.106	0
78.352	0
78.598	0
78.844	0
79.090	0
79.336	0
79.582	0
79.828	0
80.074	0
80.320	0
80.566	0
80.812	0
81.058	0
81.304	0
81.550	0
81.796	0
82.042	0
82.288	0
82.534	0
82.780	0
83.026	0
83.272	0
83.518	0
83.764	0
84.010	0
84.256	0
84.502	0
84.748	0
84.994	0
85.240	0
85.486	0
85.732	0
85.978	0
86.224	0
86.470	0
86.716	0
86.962	0
87.208	0
87.454	0
87.700	0
87.946	0
88.192	0
88.438	0
88.684	0
88.930	0
89.176	0
89.422	0
89.668	0
89.914	0
90.160	0
90.406	0
90.652	0
90.898	0
91.144	0
91.390	0
91.636	0
91.882	0
92.128	0
92.374	0
92.620	0
92.866	0
93.112	0
93.358	0
93.604	0
93.850	0
94.096	0
94.342	0
94.588	0
94.834	0
95.080	0
95.326	0
95.572	0
95.818	0
96.064	0
96.310	0
96.556	0
96.802	0
97.048	0
97.294	0
97.540	0
97.786	0
98.032	0
98.278	0
98.524	0
98.770	0
99.016	0
99.262	0
99.508	0
99.754	0
100.000	0
100.246	0
100.492	0
100.738	0
100.984	0
101.230	0
101.476	0
101.722	0
101.968	0
102.214	0
102.460	0
102.706	0
102.952	0
103.198	0
103.444	0
103.690	0
103.936	0